389880	143393
237796	76124
102404	114527
39671	86332
1950	178899
16	73919
225008	143361
87538	1505
39683	1511
39982	2081703
73126	1496
650	1731
71934	831
8294	43305
114	185008
53474	712991
1398	2109691
337	2109690
91	39491
52604	617123
9543	66219
8444	1871021
701	29370
2657	1834196
1277	208479
199	84030
15939	28446
14239	649756
1710	1912897
36	1322
6014	1796616
7192	301301
1762	1679721
615	29360
84205	1736
2247	39488
791	39485
207	29322
9897	33952
2619	2184575
5910	1519
2215	1501
2099	84022
1174	394958
1802	1491
480	1494
330	1488
401	1561
1394	1520
219	29341
210	1513
265	1502
157	1042156
53	1493
398	1702238
20	46867
14	1492
12	1216932
13	1504
10	1534
10	182773
7	2068654
5	169679
5	1497
5	641107
3	36745
5	217159
3	755731
2	238834
4	332101
4	1548
22	1538
19	1509
6581	2086584
554	1424294
442	208226
21	461876
41	1041504
33	2082193
5821	51197
1359	102134
322	1564
327	1565
56	59610
6	1833852
240	55583
116	471827
47	1563
33	885581
18	339862
4	79209
77	58138
26	49338
15	142877
3	36854
1	233055
25	51515
20	863643
2308	292800
1165	1161942
43	1160721
12	1264
861	253239
137	853
92	1572656
7	29343
2219	84032
384	236753
96	1677857
590	1515
10	288965
56	1510
30	884684
1	1521
674	863
5	86170
306	1981510
154	1297617
33	2109688
75	351091
11	2109687
59	2734
17	1805714
7	35701
2472	252966
1459	29323
30	108150
8	106578
7	2325
3	46354
3	583357
156	1525
33	42838
56	499229
16	85874
14	911092
11	161154
7	129958
743	44001
5	717609
4	413889
110	1550240
18	1517
3	29329
7	291990
10	184064
3	1794699
233	31909
36	2331
5	656519
25	28187
9	42422
60	375929
97948	1338
84464	1328
21990	76860
80073	1305
52582	45634
46636	1302
171350	1314
35147	1318
30246	28037
29473	1303
21583	1309
155536	1313
18024	1902136
26584	1308
15973	1307
31457	102684
45951	1311
4186	1310
3227	1346
3222	1304
2830	1825069
3672	1839799
2183	1811193
2877	1334
85	1336
1432	712633
1155	1348
1063	82348
926	113107
831	2021971
9645	1319
439	2173853
400	1759399
358	400065
390	197614
334	1917441
268	1345
152	1156433
143	1156431
129	257758
118	1326
125	150055
60	1814128
3	1340
2	1349
1	1335
1	1888195
1	315405
264	1358
54	1364
17	1363
1	1366
31244	1903686
69	708126
7110	2751
1463	208596
76	2748
21	1564681
47	1911586
1841	240427
1355	1624
1090	1613
421	1596
475	1599
257	1598
459	1597
12	1582
224	97478
220	1584
134	1622
138	1604
124	33959
197	1579
220	1587
67	109790
308	1590
60	60520
49	1623
38	1581
36	47770
29	1303590
26	148814
21	267818
15	89059
12	83683
11	1580
11	1602
7	1847728
6	375175
4	47715
4	1610
4	1074467
4	637971
3	2304606
3	1625
2	53444
3	1545702
2	1589
2	1218493
2	1193095
2	293371
2	52242
1	2099788
1	1603
1	1218494
1	152331
1	164393
1	267363
1	1007676
1	1600
1	1601
45	187452
93	51663
35	1255
10	1254
1487	44008
1383	1352
754	1351
85	1354
3	53345
3	53346
3	160453
2	2005703
1	37734
2892	51669
120	633807
3	519472
1	33970
1349	1376
235	119206
98	87541
31	128944
905	51665
60	2036206
755	137591
159	759620
49	155866
11	165096
1	1631871
103	1245
2	1252
2	33964
8	136609
2	1511761
1	1244
1	255248
31	336988
15	1247
10	1993866
64054	29391
202	1785995
565	360911
22	132920
3	223958
4	332410
5032	1396
4569	1428
16426	1392
53	155322
40	1405
21	580165
6	1892404
4	64104
3	2053832
2	1839798
8303	492670
1223	1390
11685	1423
105	1402
51	1648923
36	119858
706	1452
435	293387
2	1049581
3705	2049935
247	2093834
155	1404
136	561879
95	79880
77	1398
73	2011012
68	1664069
47	1413
22	1441095
20	33932
19	199441
17	86664
15	35841
12	1408
12	1547283
11	666686
10	2267265
6	1565991
5	1467
5	1471
4	1478
4	300825
3	352858
3	324767
2	1479
2	665099
2	1628753
2	98228
2	1178537
2	1402861
2	264697
1	421767
1	79883
1	2009331
1	1705566
1	129985
1	632773
211	33938
20	33941
168	1233873
96	33940
7	471223
7	1921421
3	691437
2	1422
275	2052660
24	746691
9	182710
87	2086577
50	2169540
45	1421
20	2072025
1	28031
292	1426
1	1295642
12	33934
21	198467
28	1221500
1	255247
22	1472767
6	1473
4	1482
4	2017483
2	1911587
1	163877
1	403957
9	2213194
7	1230341
4	33936
3	586416
2	1449
1	1570
2227	29385
3537	1280
257	1295
221	985002
146	29388
140	28035
108	1715860
51	1282
44	1290
25	70255
24	29379
17	283734
17	45972
15	214473
10	170573
7	29382
5	1286
4	1281
3	643214
2	70258
2	1294
2	308354
2	1283
1	246432
1	1284
1	985762
1	2025492
117	1849491
31	407035
30	1461582
22	69966
2	1855823
2	1898474
1303	1406
463	1464
119	61624
58	1616788
38	1532905
36	481743
30	1695218
20	1619311
17	162209
17	172713
12	1178515
11	1401
10	59843
7	1870820
6	1870819
5	189426
4	324057
4	414771
4	1126833
4	44251
3	1566358
3	1536774
3	1536772
3	1536770
3	1536769
3	159743
3	160799
3	483937
3	189425
2	1536771
2	169760
2	1462996
2	528191
2	365617
1	1536773
1	1763538
1344	1500254
1	1450761
228	1393
48	1465
9	54913
3	1882832
899	2058136
21	161360
10	414778
2	192421
2	1038856
2	1526927
1	1215089
1	1302659
86	1750719
29	1930546
9	1571
7	1476
1	2283194
35	2320858
28	76853
3	2048654
9	241244
2	1508404
912	1639
3	1640
2	1642
4	2756
158	1471761
138	2071623
116	33943
1	2055160
30	405212
27	1903704
1	1214604
2	85683
388105	33033
9765	1852373
7970	1260
812	1912856
1607	1870984
211	33034
231	45497
29	1556
13174	1852374
101197	69823
67124	971
46777	1884263
5200	712528
9504	713030
6753	712538
1835	158847
83	484770
10	365349
52915	2161821
23308	39950
71392	29466
224	248315
9506	2144175
1273	1675036
410	907
98	1702287
270	905
7	187327
1732	1648
80	1514105
957	1702221
91	1712675
8	39483
284	1522
61	243899
29	1871025
65	1555112
10018	712122
5244	544580
2595	52773
1677	1852377
1510	2081702
1194	178339
1084	1960083
407	2079536
265	2321394
152	111015
61	131110
94	1851395
11	1912795
343	2171980
10	59505
3	131112
39	28264
4	2051
3	1661
1764	2047
51	43675
25	1704044
13	37928
6	656366
6	1849032
4	2079227
3	2211210
15	1118963
1	1357915
1	1652545
3	1771959
3	1806905
15	1646
8	1618207
2	85085
2	121292
2	361575
5	1270
5	37927
4	2170745
2	71999
1	446860
2	2058657
1	256701
450	2103230
22	162426
4	104336
4	2033
3	1938334
3	370764
2	912630
2	300019
2	199592
2	36805
1	1714373
1	84292
10	28447
7	684552
2	399736
2	2220095
1	670052
2	589382
1	708131
1	1987356
1	1855377
1	529884
2	1795630
5	2282656
1	150123
2	1619308
1	2079791
1	145458
1	1561023
113	2039
57	629680
11	1703
29	372663
1	139208
2	1710
1	1980001
19	2283195
4	53358
3	1758689
1	857417
1	1658671
1	443156
13	1711
3	1708
1	11
1	2003551
1	545619
9	1903186
1	556288
1	1630135
1	472569
2	1276
1	571913
2	43674
2	84757
2	60920
1	1863
1019	1072256
205	38289
106	169292
48	571915
578	1717
41	1719
37	43770
29	1050174
18	441500
67	1718
17	35755
15	35757
14	575200
13	43771
12	65058
8	38288
5	38302
5	225326
5	161879
4	38301
3	161896
3	152794
3	191610
3	1230998
3	1408191
3	1487956
3	1697
2	349751
2	1404244
2	191493
2	2080740
2	156978
2	146827
2	28028
2	108486
1	702967
1	1705
1	2079535
1	1737425
1	1652495
1	1721
1	1724
1	1231000
1	1223514
1	1121358
1	38305
1	42817
1	161895
1	258224
1	187491
50	1773
2	78331
20	1764
3	339268
1	1767
1	222805
1	701042
6	1781
6	482462
2	1784
2	722731
4	1768
4	29311
3	1769
3	1879023
2	1545728
1	265949
1	1809
1	1920667
1	1936029
1	2051552
228	1795
4	758802
3	1800
3	370526
2	1772
2	1797
2	1804
2	110539
1	1766
1	1771
1	36814
5	36809
4	83262
1	1578165
5	639313
3	875328
22	37329
8	37326
7	37332
4	37330
4	135487
3	134962
3	455432
7	1990687
6	37919
3	1830
3	43767
3	1653478
2	1653479
2	132919
2	679318
1	1829
2	1807790
1	1805827
1	38310
2	1833
1	1828
22	286802
7	2055
3	1737359
1	2054
1	337191
1	2059875
3	139021
2	499555
2	2052657
1	712270
3	2061
2	1528099
1528	1750
147	1747
4	33011
9	1909732
4	399497
2	1610493
1	2161816
16	1871034
5	671223
3	1744
5	29405
5	1748
8	110319
7	196162
6	450734
5	2045452
29	2045
24	642780
3	2079793
1	2041
1	219314
1	1736691
1	2107713
4	546874
3	546871
2	75385
2	117157
1	182640
136	2059884
113	1849967
198	1916
69	1535768
52	40318
27	68192
31	38300
18	1912
15	1930
12	68570
11	1901
9	68249
3	1908
3	1911
1	1892
1	68179
6	193462
6	1969
6	47763
5	67267
5	2174846
5	379067
5	465541
5	67304
5	1907
5	1355015
5	29303
4	1725411
4	42239
4	1783515
4	1914
4	68246
4	1950
4	33903
4	1038928
3	444103
3	408015
3	1661694
3	1690221
3	1855352
3	362257
3	1736046
3	1812480
3	2184053
3	1827580
3	188770
3	42684
3	54571
3	1940
3	1882757
3	68214
3	1888
3	68280
3	1915
3	1841249
3	92644
2	1616117
2	2072505
2	2083284
2	1262452
2	1890
2	1889
2	1971
2	2135430
2	68209
2	68223
2	348043
10	285530
2	146923
1	1964449
1	1972846
1	1649184
1	2049881
1	1938841
1	1837283
1	2094021
1	1893
1	1926
1	67258
1	68202
1	2211357
1	164348
1	2202000
1	285450
1	285473
1	565560
1	862751
1	1169025
1	1437453
6	2018025
2	1894
1	2066
3	2126346
138	28025
74	216816
53	630129
14	1680
10	1684
6	1685
3	1694
2	28026
1	1681
1	1689
3	78259
1	2702
111	860235
5	1814
4	31958
3	33910
3	1911175
1	208439
1	1804986
1	1896961
9	40990
8	40989
1	632569
16	42197
2	40567
7	240495
4	1641402
2	1690815
1	445576
4	340345
3	2072503
1	1470176
5	1612551
11	211114
6	1586287
5	530584
4	1653480
2	1836
2	103731
2	43357
50	2014
34	280236
2	53437
30	2021
10	1909395
4	2202249
3	2001
8	1411117
6	2020
7	299146
4	1877
4	709883
4	299152
3	356852
3	47858
3	47872
2	47865
2	261654
2	291594
2	307121
1	2201999
1	356851
1	285665
1	47857
2	47850
1	1881
9	1866
6	196914
4	113562
4	649831
11	168697
3	168695
5	2024580
2	2071627
2	2108470
6	1003110
49	2006
10	656024
3	298653
11	1859
3	106370
11	710111
1	298654
3	1907575
17	1884915
3	1884634
3	1884905
2	1884914
1	1884913
26	283811
13	414996
5	138336
3	477641
1	1861
7	304895
4	53461
2	1090615
3	419479
1	1798224
2	131568
2	28049
2	1650658
6974	133926
3026	712411
34	2109685
14	604330
10	1805478
1299	1382
35	1871022
12	33871
5	74426
2	1531429
297	84110
22	1944646
23	79604
11	502558
7	84112
17	446660
10	84163
4	1841863
4	1335613
15	49319
8	42256
8	2051957
9	1608957
3	1848754
3	1848756
2	1848755
2	191495
1112	713887
46	65093
91	1615909
80	669359
7	1617448
7	1173026
4	2005460
83	379064
2	1126
4	1967666
329	1160
13	118562
5	1173027
2	1206
325	241425
57	1173025
16	118323
1	482564
9	1155739
6	497965
4	43989
4	395961
4	41431
1	65393
22	864702
50	99598
24	32054
35	938406
22	1954172
9	2005461
8	2005462
5	1954171
2	1337936
5	1197
1	373994
22	92942
14	1869241
9	1306274
7	224012
6	1618022
3	272131
3	446679
1	1261031
5	1751286
1	2005458
17	1165
13	1647413
2	46234
3	1164
3	264691
1	142864
25	1137095
4	2005464
12	289435
6	109266
11	70799
10	136073
1	312883
7	1752063
3	2005456
1	1940762
56	321327
70	84588
30	195253
8	1916956
3	321332
2	1173263
2	32051
1	1280380
1	32052
1	110662
1	195250
1	585423
2	1827144
6	1851505
2	59930
13	292566
1	146786
1	1394889
4388	1148
7	111781
2	1752064
1	1184
1	1080068
9	1219
6	155978
4	1173032
2	82654
2	1209493
63	1188228
11	102116
8	54308
10	54299
1616	29559
107	2095
215	2102
77	92401
47	2104
40	57372
51	2100
30	2111
24	86660
11	29553
9	2118
9	45363
6	92400
5	45361
4	51365
4	28227
5	2099
6	2128
2	1749074
2	48003
2	50052
2	2096
2	142651
2	2123
1	29554
1	29555
1	45362
3	28903
1	2115
1	2113
1	984991
1	171284
1	2109
1	2107
1	2098
2	2130
1429	61635
10	38986
14	2148
12	35623
240	37692
12	59748
10	216931
52	47834
2	2139
2	216942
1	2137
1	2145
1	216935
1	216936
2	216945
12	215578
1	81459
1	214888
9	2151
2	216427
145	1541959
24	1911684
3	1911683
1093	1005039
14	454171
290	1889813
175	1986204
5	167964
219	61435
19	552810
10	1839801
10	1108
15	152260
12	120962
11	357808
17	1806508
8	2057
4	500
10	133453
34	502394
16	68909
7	310783
16	1768108
4	432329
3	309887
3	317577
5	980427
2	2202254
1	55148
1	1182568
3	1309411
15	332249
19	277
16	52022
8	274
1	56956
1	56957
1	1111069
13	187137
14	35786
2	166501
424947	729
10902	726
4431	727
2434	712310
189	249188
155	730
37153	732
27441	714
7720	739
2754	747
14	754
444	715
76	189834
14	67854
8	716
1	718
417	738
76	2030797
217	85404
112	75985
272	731
259	47735
47	750
36	157673
1	1679001
2797	562
61	208962
2	1499973
2338	28901
2	54736
471	573
110	244366
9	571
2	1134687
2	1463165
1	548
104	550
88	1812935
50	61645
2	69218
2	158836
2	2027919
1	399742
1	1166130
54	1778262
6	1505596
4	1505597
6	203907
14	134287
4	138072
13	1070130
9	1835721
5	472834
3	1778263
2	1410383
2	1778264
43	2282309
25	693444
40	546
2	67827
1	2077147
4	67825
2	545
1	35703
1	67824
1	1702170
34	428411
11	28141
2	413503
1	413497
1	413502
8	208223
3	497725
6	158822
6	168169
6	1048758
3	61646
1	69220
1	1907578
5	61647
1	1334193
2	54291
1	61648
1	929813
655	1922217
66	215689
3	182337
2	1619313
1	55211
1	79967
1	338565
59	9
12	549
9	592316
5	553
5	665914
3	1235990
11	1484157
2	66269
1	1891675
44	51229
1	82987
984	632
29	633
3	367190
170	630
45	935293
10	29486
9	29484
1	29485
1	419257
90	615
13	82996
4	47917
4	671990
2	28151
1	61651
1	61652
1	614
1	1759437
8	1878942
1	34038
1	1805933
1	1639108
164	126385
8	588
3	333962
3	516075
1	587
1	2027290
18	351671
6	40577
1	628
1	40576
1	351679
15	634113
13	582
8	291112
2	230089
8	584
1	585
103	82983
79	67780
3	636
4	569
2	1848580
70	1486991
25	1929246
2	1239307
19	568766
5	69223
5	204042
4	556
8	204038
1	204039
25	554
3	29471
2	1905730
2	2042057
1	55208
1	598467
1	1109412
14	82985
1	158841
11	703
3457	2014541
528	1666906
3	115561
3	1897729
2	507626
2	1118153
2	1883416
1	475662
1	1178482
1	1346287
1	1504981
1	1971364
2	1761789
13	91844
7	114186
7	1495769
5	33074
3	698828
1	157779
4	28258
3	376489
3	1771309
6	936476
2	119864
2	400668
8	188908
3	1249553
1	1821621
1	187493
10	1144748
4	1561924
3	285091
4	1094342
1	2014542
1	1917421
6	141451
3	2161747
2	1336806
1	1445505
2	158327
1	1027273
1509	287
8	300
5	53408
3	53412
1	43263
1	1149133
132	587753
1	47884
151	2083051
83	316
4	74829
1	271420
24	294
12	47883
11	129817
7	76758
3	47878
3	47879
3	200450
3	183795
2	29442
2	46679
2	75612
2	380021
2	200451
1	651740
1	169669
1	76760
60	303
4	76759
3	47885
1	47880
1	70775
1	78327
20	47877
3	29438
17	317
1	33069
1	36746
41	1930532
14	1853130
12	1207075
13	1259844
11	930166
6	150396
6	86265
4	157782
4	219572
4	702115
4	312306
3	359110
3	1636610
3	2320867
2	1534110
2	1415630
2	1881017
2	2049589
2	1028989
2	2054914
2	2067572
2	2083054
2	515393
2	395598
2	364197
2	1283291
2	53407
2	163011
2	65741
2	104087
2	157783
1	191390
1	321662
1	1434072
1	1583341
1	1788301
1	143813
1	1855331
1	118613
1	2018067
1	101564
1	2201356
1	2213057
1	2219057
1	472181
1	487184
1	237609
1	46677
1	198620
1	1245526
1	237610
4	353
4	1697053
386	386891
181	34062
57	480
1	476
78	29430
43	470
6	48296
1	106654
45	52133
90	40214
19	28090
10	1879049
6	2004646
3	40215
3	62977
3	487316
3	756892
3	1608473
2	1407071
2	1789224
1	1324350
1	1636603
1	1646498
1	1808001
1	2004644
1	40216
1	2004647
10	45610
2	261164
2	1028416
1	334543
7	1699622
1	1720344
2	2283318
525	43658
43	43662
35	234831
15	1348114
6	621376
3	298657
3	43657
3	161398
2	314281
2	28107
2	247523
1	394751
1	267375
1	227
1	166935
1	1514074
1	288
26	28108
21	589873
85	314275
3	1714845
2	2267264
3	1415568
3	1420917
2	2743
9	1761794
6	490759
1	1420916
5	1671721
1	1749259
1	1874317
1	2304594
11	680279
5	2172099
4	983545
3	1526571
1	2183582
1	2303538
2	326544
108	1298881
3	2055892
2	1096243
1	2100422
50	62322
10	60961
5	93973
4	2018305
4	271098
3	38313
3	359303
3	60217
2	56812
2	271097
2	192073
2	225848
1	60480
1	2029986
1	43661
1	260364
1	94122
1	60478
12	2161872
3	58049
2	28229
2	1816218
2	1816219
2	1967665
1	1763536
15	69539
2	80854
13	357794
1	314282
7	44012
798	948519
160	645
17	652
10	648
5	651
4	654
19	644
1	1636609
1	2033032
7	511062
2	43948
2	1903694
2	347534
117	691
93	680
25	670
17	669
5	696485
2	190895
1	663
1	512649
330	666
76	672
34	52443
29	76258
11	190893
6	45658
3	673372
6	55601
2	29494
2	1534743
2	1435069
2	553239
2	687
2	28173
1	676
1	212663
1	29498
72	74109
20	38293
9	1295392
74	40269
23	80852
3	668
29	1755811
3	673
2	1927128
910	870
367	1548547
37	106634
11	108010
2	396595
2	1033854
19	1053
2	1052
7	1765967
2	1442136
1	351052
58	927
1	1860122
17	1166950
3	133539
2	473531
4	73141
3	1978339
2	1049
1	80679
1	1630141
5	437505
2	1579979
309	446
9	2005262
2	28087
1	449
1	45067
1	66969
1	96230
43	777
27	325775
129	40324
2	2072405
3	2072408
1	2072406
1	2072409
1	2072412
1	2072413
6	128780
3	216778
1	1904944
1	2040586
1	2303750
7	339
12	346
4	56460
2	456327
2	56450
2	56458
1	347
1	48664
1	56448
1	56454
1	56459
1	90270
20	1605891
3	435897
1	69
1	84531
6	314722
3	415229
4	2371
1	1444770
1	1896164
1	2006110
1	2172536
6	2021234
4	323415
3	81475
2	231455
1	1379159
1	666685
1	242606
57	2007306
113	28110
34	573570
5	657445
2	1542390
1	549298
6	1238
7	754477
2	92245
1	147268
8	40754
5	288004
111	2291597
9	410330
4	83406
2	1248727
1	2169539
5	186490
3	1076588
2	1705394
2	585455
2	1249552
1	1543721
31	1281578
22	1620215
50	1196095
2	1945512
1	155077
1	1987723
5	1737490
2	86304
2	447471
4	1620392
3	1470434
2	716816
3	930806
1	393662
2	260552
1	252514
1	359370
9	271065
4	702114
1	1538553
5	1432792
4	1704499
1	414
8	2303331
1	465721
1	1810504
122922	824
49181	200
10032	199
1936	827
1702	206
245	374106
80	76517
70	1965231
65	198
26	1813019
8	1244531
4	522485
13	197
3	28898
6	196
5	201
90	195
3	488546
1	260714
2	1031542
2	1500960
1	1660073
13	197482
6	505249
3	603050
1	1032072
5	28197
2	708186
3	944547
12	66821
2	65553
2	220622
1	366522
1	1581011
111	212
102	210
9	138563
4	76936
3	1591088
2	213
2	217
2	135569
2	1548018
1	214
1	123841
1	222136
133	844
5	39766
5	202747
3	1176482
14	148813
6	269261
377	387093
59	387092
17	244787
47372	1986146
29	427923
1	65555
43	28223
21	2296
4	897
3	181663
4	259354
255	44742
10	881
7	1725232
5	880
4	644968
3	879
3	901
2	873
2	876
1	58180
1	184917
1	191026
21	57320
7	182210
2	879567
2	1716143
7	29546
141	132132
2	899
3	45663
70	56
9	1882918
7	52
2	927083
9	48
6	41
6	43
3	83453
5	1297742
3	33
2	83455
1	34
2	35
3	184914
3	404589
3	161493
1	447217
4	1391653
6	80816
98	316277
12	60893
8	2358
14	119484
5	1277350
10	35554
3	351604
4	443143
1	345632
2	443144
26	483547
28	1842532
4	29543
1	19
2	1823759
17	33002
4	84405
19	673862
10	1621989
8	453230
2	1548548
52233	486
17471	28449
13308	495
6331	1853278
27485	487
1975	488
4854	485
707	490
257	655307
40	489
29	326523
19	1853276
10	28091
17292	539
1431	72
497	96942
28	63
152	2052837
52	504
25	2290923
16	1196083
38	332411
6	1108595
2	1778675
8	2202142
2	536
3	57480
4	168471
3	1192162
2	1906741
1	1938604
1344	742013
89	180282
824	1658672
4	2109914
184	436515
4	34073
4	2126319
2	1034889
1	1795631
100	225991
10	225992
3	285
33	364317
6	80868
5	553814
5	1858609
2	80867
2	80869
2	358220
66	721785
1	1842533
5	2109913
6	2116657
11	296591
7	1842537
2	795665
7	1436290
4	179636
3	1842727
1	192843
1	1484693
2	1458425
1	1458426
201	1546149
1	94132
1	1844971
1	2109915
1683	28450
68	13373
186	57975
4	1385592
1	342113
1	1636423
1	1637837
55	101571
23	488447
26	95486
6	488729
4	1637862
4	87883
4	152480
4	488732
4	292
3	60550
3	1503054
3	265293
2	482957
2	1503055
2	488731
2	95485
2	60552
1	488446
1	1637853
4	758793
3	2217913
3	1855726
3	1804984
3	1795043
3	1740163
2	28095
2	1705310
2	640511
2	337
1	640512
21	164546
15	106590
22	367825
6	96344
2	248026
1	68895
1	119219
1	1796606
36	305
10	1944648
6	329
3	105219
1	190721
7	412963
6	169430
4	75105
4	134536
4	148447
4	1926494
3	948107
3	2026199
2	36873
2	134537
1	60548
1	169427
1	252970
1	261302
1	311230
1	1761016
6	445709
7	93220
3	93221
6	573737
4	656178
3	656179
1	93218
1	93219
29	576610
2	556053
1	1743172
12	2268024
744	926
103	1050370
74	34029
4	76731
3	1658665
2	946333
2	105560
1	28068
1	1296669
1	1768242
9	864051
2	1469502
1	1834205
8	413882
55	1236179
3	368607
2	375286
1	1644131
102	964
4	80842
3	92645
1	341045
11	2045208
7	1678028
7	1707785
4	1593482
4	2072590
3	1141883
1	47229
5	158899
4	279058
1	279113
3	847
1	1809410
25	520
13	35814
17	519
5	1746199
4	463014
3	463040
3	463025
3	123899
2	2163011
1	463024
1	103855
1	1416803
1	1697043
16	85698
3	217203
1	32002
3	72557
1	217204
1	1758194
35	29575
3	302406
3	310575
3	511
2	323284
3	75697
2	90245
2	1472345
1	1007105
1	643674
1	1851544
3	2259134
163	916
7	44574
2	915
15	44577
1	261292
2	35799
2	1288494
1	1231
28	1985873
4	63745
3	649841
4	266009
3	405
2	1055487
1	1662285
5	1842540
3	748811
2	36861
14	994695
8	1576550
2	33056
1	233181
13	189385
7	327160
4	669502
1	543913
1	1904640
10	96773
2	59405
1	1134435
1	2005884
10	2184083
7	41977
3	2067960
1	748247
1	146939
1	551760
1	259537
18	384
10	396
5	348824
4	2048897
7	1301032
7	29449
3	1571470
5	2020311
2	56730
8	424182
1	398
1	2028343
1	1981173
1	1125847
13	358
3	359
2	373
1	1842536
4	2060726
3	1825976
1	399
89	1273132
5	556287
3	309868
2	34021
20	380
13	382
3	110321
3	1842534
3	194963
14	106592
1	716925
320	1933912
5	155194
5	388640
3	1686310
2	38323
1	33045
1	33047
1	111504
1	165694
1	774
7	2057741
5	1437360
9	375
3	114615
10	319017
9	722472
3	1223566
6	1839752
3	1404768
2	335659
3	1355477
3	931866
1	1404367
1	1274631
1	115808
1	44255
18	1076
2	1842539
2	2015316
1	1526658
1	1792307
3	1882747
3	40137
2	709797
2	1333996
1	913
14	426117
8	2202826
6	114616
5	270351
22	1826873
3	2067957
4	31998
2	925818
1	2051553
1	2202827
1	2202828
16	408
3	223967
3	2082949
23	28104
7	39645
4	71433
3	381
3	593909
2	536018
2	2066070
2	2108445
1	1670800
2	83263
2	374606
1	472175
1	1756988
1	244596
13	1736675
3	2083786
2	1643450
3	53399
2	717785
5	674703
3	1079
2	1608628
232	29459
2	981386
8	235
2	236
1	1844051
8	529
1	271865
1	419475
5	1486262
1	293089
1	686597
3	1349819
11	1702325
3	1922226
3	2026785
1	256618
1	1458461
4	1798205
2	2304600
3	426
1	187303
1	655015
3	1235591
2	2170729
3	7
1	280
1	921
1	199596
13	160791
9	397260
113	152682
62	1961362
4	93064
3	1390395
2	1560345
3	1609977
2	745310
1	941907
1	1030157
1	1327635
2	1921510
15	484429
5	627192
5	1315974
5	1673076
3	13690
2	2072936
2	407020
1	1332080
1	1843368
1	1855519
1	2082188
5	1515612
3	1913578
3	33050
5	267128
2	292913
2	1357916
1	117207
1	1866325
1	1874061
1	2054227
23	205844
2	158500
2	702113
1	1016987
1	1609758
7	2077182
2	1922222
8	542
2	1550728
7	502682
4	39960
3	266951
3	2182384
3	192812
6	1896196
4	2003315
1	1112
9	2060312
9	1348774
16	246273
28	263437
3	80849
43	77038
123	944
4	779
4	948
4	770
4	33994
16	1802984
61	234827
22	369822
10	33991
2	786
2	35789
2	42862
2	337479
6	784
7	2115978
20	1528098
122	1263979
41	528244
13	192
4	193
2	1226968
1	664962
1	682998
25	220697
4	2048283
16	1612173
6	34018
3	1085
4	55518
2	1663591
1	84159
6	1084
3	171437
3	1288970
2	2220096
2	28077
15	318683
7	442
7	438
3	104102
5	481146
1	1076596
6	2018065
1	257708
14	153496
4	364410
6	28448
2	33995
3	524
3	1969806
1	33996
1	91915
9	2065379
5	1945662
5	2259340
3	34003
6	1499308
2	1077935
2	1529068
1	34004
8	1063
12	2033869
12	60890
4	221822
4	1580596
23	1609966
63	92945
1	92947
8	42444
6	1915078
3	1411902
2	1397108
1	875171
3	2293862
2	2099786
1	89184
5	121719
4	74033
3	1250539
1	311180
1	1792508
3	1335048
3	1579316
3	1920883
3	911045
3	2434
2	35806
1	308754
1	1904441
1	2033435
1	2171755
2	133924
2	1229727
1	53946
1	1217908
2	2169400
1	1389011
1	1402135
1	2109625
1	441209
1	215813
1	159346
1	299262
1	290400
10	1906738
1	81032
1	1873716
3	74318
20	1532555
2	74313
3	588932
1	293
11	69666
2	88688
2	155892
1	69395
1	366602
8	284016
2	2201350
6	78587
30	1977865
1	1002672
1	1388755
1	1977864
4	744985
1	859653
4	1925548
24	767892
6	349221
18	208216
6	86106
4	91604
1	1509244
1	1124597
53	97084
2	960
3	959
1	453816
6	1921086
3	33059
2	160808
3	297
38135	28123
17563	837
72	393921
21850	1562970
17	1642646
32225	28112
8658	712710
10276	823
4469	2025876
16760	28131
12689	76123
7179	28129
4992	28132
2270	839
2045	652716
1986	1177574
1993	52227
2416	589437
228	589436
32756	376805
5353	246787
28545	28116
1393	821
492	817
348	47678
111	151276
148	28113
27	290053
17	818
19	28119
14	357276
5	1796613
19618	1796646
5643	397865
484	511435
508	1400053
627	1433126
49	328814
15	214856
76	1642647
50	185300
41	28118
280	1717717
159	1168034
33	1307839
33	889453
18870	1017
984	1316596
1090	1316593
817	327575
437	1019
301	209053
112	1018
77	1705617
56	45243
3	1848904
1	28189
1343	313588
657	584609
671	1850252
7	754423
2	107401
5	669041
857	2058135
2	639310
454	256
335	558152
166	878220
35	536441
15	1685010
4	253
5	1324352
2	1265445
2	1721091
1	2015076
5	2058134
3	1336802
129	319236
1	331648
126	1476901
218	1492737
58	996
19	312277
7	2249356
4	2294119
4	986
17	96345
2	1355330
3	1784713
2	1981981
3	2162713
3	2172098
2	2175091
1	1763534
1	2183896
331	531844
24	1150389
6	1250295
1	1871037
145	1383885
138	34085
53	1774273
7	1855336
7	2058137
2	313598
3	754397
136	1014
19	411153
9	2126553
5	1250205
4	1250231
3	1486245
2	1913577
28	1790137
30	1850246
3	1622118
7	238
9	1117645
10	1756150
8	172045
15	252307
4	979
3	59600
3	76594
4	326320
2	1239415
1	983548
5	1714860
2	1714848
3	1836467
2	1178778
1	313603
1	1644130
8	101385
7	28251
5	983544
3	1486034
1	2057808
10	398743
3	1249933
1	754409
3	616991
3	63186
5	762954
4	2069432
3	1736674
1	1336795
1	1798225
4	1336796
2	516051
3	2094025
2	57029
1	1936081
1	1453352
1	143223
1	2282170
3567	336810
71	1415657
213	191579
116	242600
64	1186051
15	298656
9	39768
10	164514
5	1316444
7	1653831
4	253245
1148	232259
62	1727163
29	388413
285	280473
43	104
5	320787
30	390884
10	1795355
1260	999
172	106
61	2259595
42	564064
34	1178516
21	2057025
22	1379870
10	1211326
33	651143
20	1834519
26	2183547
11	1784714
5	316068
3	94254
1	985
302	1085624
169	281120
17	247481
5	249402
90	1191459
12	1257021
6	1006
10	1411621
13	1850093
5	1484116
5	2319843
1	1356852
3	1385664
2	1484118
7	388950
5	323450
5	1379910
4	512763
39	2321403
3	1945892
632	2033437
134	79329
21	2029983
14	2341117
7	1850526
22	1492898
5	2315862
4	354356
4	446683
27	652787
29	423351
22	1234841
24	1300914
3	1550579
31	743722
39	1010
13	1538644
71	995
56	984
62	188932
47	1727164
67	1986952
27	151895
29	146919
6	29549
4	1779382
2	2026787
12	2350
1	1008
7	1457365
27	1096
4	337090
4	1092
14	1094
23	1100
3	34090
17	100716
13	274537
5	1097
3	274539
28	1868325
8	1102
4	1974213
8	591197
2	1134405
45	833
36	1379270
1	173480
11	456827
192883	851
33451	671211
1563	860
215	849
148	1583098
124	850
92	861
50	859
37	856
21	167642
2133	40542
1180	712357
1033	712368
6	1785996
193	34105
97	826
39	187101
29381	1539298
19901	158
9483	409322
6892	81028
2724	221027
403	167
366	215591
214	88058
10	53435
1	150829
200	273376
15	1131707
3	1131703
78	55206
15	1307761
9	154
3	46355
16	1674146
4	29519
4	29518
1	139
1	62088
7	47466
10	172
11	173
9	28452
14	28183
23	1137606
19	29510
29	159
2	52584
2	1287055
1	84378
9874	97477
7459	81468
3255	428712
2154	336261
59	1197717
39	108007
27	81462
7	81412
12001	1476577
773	2056494
18	1540872
3	2066483
10	1561003
36	119
16	1632864
2	1636152
27	120
11	1891926
8	125
2	265606
3	1331910
26	1387353
5	466153
3	128
24	114
4	1630693
25	174633
61	547188
83	85991
15	813
2	1967783
1	83554
1	83555
1	83559
1	83560
1	1967782
24	83552
2	362787
2	389348
25	71667
19	83561
32	1679444
7	239935
3	1882831
2	2736
5	794903
2	107709
2	1882749
2	1838286
1	1796921
2	395922
12	591154
5	1637999
2	2026799
1	1704307
70	1307763
10	2094242
152	119394
5	57487
4	1508420
26	2421
3	46541
4	2424
2	2423
44	651457
1	1330330
11	1184387
22	69499
3	1006576
106	42253
28	330214
51	1325564
53	1715989
37	28262
92	547144
1	380749
4	136094
1	940
38	412593
16	309806
36	228745
11	64160
158	423605
14	1408281
104	477976
13	118000
10	2352
5	197162
126	936456
8	940614
2	940615
6	392734
2	870903
6	2211140
3	33075
28	458033
25	1855912
11	332163
59	693075
5	1653476
2	1295609
1	1741
1	171695
6	513050
3	14
5	187145
40015	9606
3	745377
3	2086290
3	588898
1	62320
2	44930
1	69525
1	406552
1	29288
1	13769
1	387343
3	2257
2	416273
2	146826
1	751944
1	1604004
1	1873524
3	1073996
1	755307
1	2246
1	2252
1	35746
1	756883
4	2208
2	2214
2	418008
2	1434100
1	2210
3	2215
1	170861
2	29291
2	39669
1	420950
1	2223
1	301375
2	83986
1	2315
1	54120
1	882104
1	475088
3	868131
2	877455
2	1379702
1	118062
3	2173
1	230361
1	2317
1	145262
4	39152
2	42879
1	2190
1	83171
1	2189
4	55802
2	72803
1	110164
1	311400
1	277988
1	582419
1	195522
1	187878
1	163003
1	122420
1	71998
1	71997
1	54262
1	1712654
1	2261
1	1008460
1	82076
1	97393
1	1673428
1	379547
1	2234
1	1316941
1	565033
3	79601
1	1006005
1	2287
1	43080
1	1891280
2	111955
1	41673
2	985052
1	184117
1	2277
1	76887
1	1550241
2	94694
2	54252
1	200415
3	2045011
1	1034015
1	1229909
1	1580092
1	1410606
1	2055893
1	691963
1	1204525
1	1414737
1	1720493
1	1982368
1	1747287
1	1982571
1	1982746
1	1541887
1	1654919
1	754075
2	1608310
1	1481186
1	1918727
1	910474
1	1029988
1	469660
1	1283079
2	2169690
2	10298
1	37108
1	389214
2	345201
1	1301280
1	10506
1	1586713
1	251749
1	1813599
1	1826170
1	1349409
1	1605721
1	1094892
1	2015370
1	1175849
1	10826
1	687386
1	154122
1	12331
1	1922543
1	1923485
1	1678078
